0 0.5015625 0.546875 0.07109375 0.08203125
0 0.840625 0.5640625 0.08359375 0.209375
0 0.7671875 0.47890625 0.0484375 0.07578125
0 0.92890625 0.54375 0.0765625 0.17890625
0 0.95859375 0.43125 0.05546875 0.071875
0 0.9875 0.5265625 0.025 0.0921875
0 0.8234375 0.36875 0.0984375 0.103125
0 0.71875 0.0921875 0.16484375 0.0953125
0 0.71484375 0.16796875 0.128125 0.07109375
0 0.54296875 0.1140625 0.1359375 0.090625
0 0.71640625 0.21875 0.19140625 0.053125
0 0.71171875 0.03359375 0.16953125 0.05625
0 0.33671875 0.5390625 0.059375 0.078125