0 0.21328125 0.4328125 0.0828125 0.11640625
0 0.2671875 0.5765625 0.17109375 0.11015625
0 0.425 0.64296875 0.1609375 0.08046875
0 0.33203125 0.73671875 0.10390625 0.1171875
0 0.6171875 0.56875 0.11015625 0.08125
0 0.59609375 0.69140625 0.16640625 0.12890625
0 0.4375 0.5234375 0.13984375 0.1234375
0 0.74296875 0.55859375 0.11328125 0.10546875
0 0.53515625 0.3921875 0.0796875 0.07109375
0 0.45859375 0.321875 0.08828125 0.09296875
0 0.75078125 0.43671875 0.1234375 0.1203125
0 0.49296875 0.24609375 0.13359375 0.09453125
0 0.79453125 0.3328125 0.09609375 0.07890625
0 0.71796875 0.22109375 0.090625 0.0890625
0 0.665625 0.2875 0.1453125 0.08671875
0 0.63046875 0.115625 0.1078125 0.084375
0 0.51796875 0.1734375 0.1203125 0.09296875
0 0.5390625 0.04453125 0.1625 0.07734375
0 0.8171875 0.2578125 0.0640625 0.05078125