0 0.3078125 0.8828125 0.1328125 0.20078125
0 0.2484375 0.71015625 0.10078125 0.153125
0 0.1328125 0.79296875 0.1171875 0.08984375
0 0.31875 0.50625 0.07578125 0.109375
0 0.253125 0.59609375 0.11796875 0.10390625
0 0.3296875 0.3890625 0.1046875 0.14140625
0 0.15859375 0.525 0.08671875 0.1484375
0 0.4703125 0.353125 0.096875 0.078125
0 0.48828125 0.60390625 0.084375 0.09296875
0 0.55546875 0.66796875 0.075 0.10625
0 0.6390625 0.65390625 0.084375 0.16484375
0 0.70078125 0.615625 0.0875 0.125
0 0.87265625 0.59140625 0.103125 0.15703125
0 0.54140625 0.309375 0.06875 0.05625
0 0.59453125 0.44765625 0.075 0.13046875
0 0.659375 0.41484375 0.08671875 0.10390625
0 0.61875 0.31484375 0.0734375 0.0625
0 0.3640625 0.69453125 0.15 0.15390625
0 0.4515625 0.9078125 0.11640625 0.0765625
0 0.746875 0.4765625 0.1203125 0.109375