0 0.4625 0.8984375 0.14609375 0.190625
0 0.7453125 0.79609375 0.11171875 0.25
0 0.71640625 0.38671875 0.0890625 0.07890625
0 0.81484375 0.4453125 0.09296875 0.0671875
0 0.77890625 0.29140625 0.06796875 0.0828125
0 0.54609375 0.38828125 0.0546875 0.07109375
0 0.6046875 0.4796875 0.06953125 0.090625
0 0.55078125 0.5171875 0.05859375 0.065625
0 0.35703125 0.49375 0.06015625 0.0671875
0 0.38515625 0.54609375 0.0515625 0.06484375
0 0.325 0.54921875 0.08359375 0.084375
0 0.253125 0.425 0.06875 0.07109375
0 0.1671875 0.425 0.07890625 0.06015625
0 0.05 0.50234375 0.05390625 0.11015625
0 0.13359375 0.49140625 0.06484375 0.05703125
0 0.19765625 0.53359375 0.07734375 0.1140625