0 0.89140625 0.153125 0.2171875 0.21875
0 0.79140625 0.4234375 0.3015625 0.24140625
0 0.321875 0.3921875 0.19375 0.21328125
0 0.18828125 0.215625 0.13984375 0.140625
0 0.14375 0.36796875 0.14140625 0.18125
0 0.3765625 0.58359375 0.26953125 0.17265625
0 0.61875 0.82109375 0.29921875 0.17734375
0 0.4328125 0.71953125 0.15859375 0.11796875
0 0.3234375 0.8234375 0.20390625 0.11484375
0 0.215625 0.93203125 0.2875 0.13515625
0 0.24375 0.72109375 0.18515625 0.12890625
0 0.7171875 0.190625 0.1703125 0.165625