0 0.41171875 0.79140625 0.25 0.30078125
0 0.15 0.88515625 0.2375 0.2296875
0 0.82265625 0.6265625 0.18046875 0.25859375
0 0.19921875 0.69140625 0.1890625 0.1984375
0 0.38984375 0.31796875 0.21640625 0.1875
0 0.37578125 0.13828125 0.19921875 0.1328125
0 0.584375 0.36640625 0.17890625 0.26015625
0 0.70234375 0.24140625 0.1265625 0.1453125
0 0.72578125 0.42109375 0.1734375 0.1703125
0 0.815625 0.296875 0.13046875 0.1875
0 0.9265625 0.24375 0.146875 0.196875
0 0.23359375 0.18046875 0.15078125 0.159375