0 0.0859375 0.26796875 0.171875 0.24765625
0 0.19921875 0.31328125 0.08046875 0.1625
0 0.284375 0.25625 0.1109375 0.1625
0 0.2640625 0.42734375 0.1390625 0.14296875
0 0.16328125 0.62265625 0.1421875 0.27578125
0 0.4 0.3859375 0.1703125 0.21484375
0 0.60390625 0.334375 0.16953125 0.115625
0 0.59609375 0.14609375 0.15546875 0.140625
0 0.5765625 0.8078125 0.26015625 0.22265625
0 0.80703125 0.72421875 0.125 0.1875
0 0.84453125 0.88359375 0.15234375 0.16796875
0 0.7796875 0.18046875 0.13828125 0.1234375