0 0.5953125 0.54375 0.06015625 0.096875
0 0.64453125 0.48203125 0.06484375 0.0625
0 0.52109375 0.53359375 0.0703125 0.07734375
0 0.45546875 0.509375 0.0640625 0.0703125
0 0.4796875 0.43359375 0.0578125 0.06484375
0 0.43046875 0.40625 0.05859375 0.06015625
0 0.38046875 0.4390625 0.05859375 0.05546875
0 0.33125 0.41640625 0.0390625 0.04453125
0 0.3046875 0.5015625 0.0375 0.04921875
0 0.26953125 0.49140625 0.04453125 0.059375
0 0.26953125 0.44296875 0.071875 0.05625
0 0.13359375 0.47421875 0.06171875 0.059375
0 0.0734375 0.43828125 0.06015625 0.04453125
0 0.3921875 0.7390625 0.06171875 0.0546875
0 0.3265625 0.6890625 0.09140625 0.06796875
0 0.321875 0.62265625 0.07421875 0.0546875