0 0.82265625 0.403125 0.09296875 0.09609375
0 0.678125 0.5203125 0.12109375 0.06953125
0 0.84765625 0.66328125 0.14609375 0.08203125
0 0.8796875 0.73828125 0.10703125 0.071875
0 0.16640625 0.74921875 0.178125 0.1046875
0 0.14765625 0.8453125 0.15390625 0.11484375
0 0.17734375 0.66484375 0.20703125 0.1046875
0 0.303125 0.60078125 0.12890625 0.096875
0 0.7109375 0.3171875 0.10625 0.09296875
0 0.65625 0.4375 0.1046875 0.078125
0 0.0953125 0.18984375 0.12109375 0.0984375
0 0.225 0.11953125 0.2953125 0.1140625
0 0.28359375 0.91796875 0.1640625 0.11015625