0 0.209375 0.14296875 0.18046875 0.19609375
0 0.0828125 0.26328125 0.13203125 0.19296875
0 0.33359375 0.1765625 0.12890625 0.18046875
0 0.42578125 0.2390625 0.06484375 0.13203125
0 0.37265625 0.309375 0.08125 0.11171875
0 0.2671875 0.28515625 0.12109375 0.10078125
0 0.8140625 0.0875 0.10234375 0.10859375
0 0.48828125 0.67890625 0.07421875 0.1109375
0 0.29921875 0.775 0.07421875 0.103125
0 0.34609375 0.84765625 0.07578125 0.1390625
0 0.25859375 0.8734375 0.08671875 0.1203125
0 0.56875 0.6421875 0.0828125 0.1015625
0 0.60390625 0.82265625 0.0921875 0.08515625