0 0.7515625 0.10859375 0.22890625 0.1640625
0 0.71015625 0.2265625 0.1625 0.1109375
0 0.48984375 0.434375 0.1484375 0.1921875
0 0.64453125 0.42578125 0.18046875 0.1890625
0 0.7671875 0.4421875 0.12109375 0.15625
0 0.66015625 0.6828125 0.1265625 0.20234375
0 0.4640625 0.6125 0.11953125 0.1203125
0 0.33515625 0.621875 0.11640625 0.1921875
0 0.37890625 0.7671875 0.10546875 0.14609375
0 0.74375 0.5578125 0.08828125 0.10390625
0 0.78359375 0.82265625 0.09140625 0.15859375
0 0.63671875 0.88125 0.115625 0.0890625