0 0.5171875 0.57109375 0.15546875 0.20625
0 0.53515625 0.3875 0.140625 0.14375
0 0.65859375 0.37421875 0.10625 0.184375
0 0.6109375 0.24921875 0.10859375 0.11875
0 0.56640625 0.15078125 0.09921875 0.1171875
0 0.36875 0.128125 0.13515625 0.09453125
0 0.340625 0.34375 0.14375 0.2484375
0 0.3625 0.571875 0.19140625 0.2375
0 0.221875 0.56171875 0.1421875 0.228125
0 0.2203125 0.18828125 0.1109375 0.17890625
0 0.128125 0.20078125 0.103125 0.18046875
0 0.14609375 0.3625 0.15390625 0.1546875
0 0.2875 0.77109375 0.1765625 0.09609375
0 0.21171875 0.89140625 0.15859375 0.153125
0 0.34375 0.875 0.13515625 0.1515625