0 0.05546875 0.4234375 0.0921875 0.1328125
0 0.05 0.61484375 0.06640625 0.15859375
0 0.1796875 0.603125 0.16640625 0.12890625
0 0.06171875 0.80625 0.1234375 0.19375
0 0.2171875 0.82734375 0.12734375 0.2171875
0 0.3734375 0.81484375 0.11171875 0.18203125
0 0.37734375 0.61875 0.125 0.12265625
0 0.4171875 0.3890625 0.07421875 0.11875
0 0.209375 0.365625 0.1078125 0.0640625
0 0.36953125 0.2625 0.09140625 0.0921875
0 0.271875 0.3015625 0.04140625 0.0796875
0 0.4625 0.5015625 0.0921875 0.1015625
0 0.51796875 0.64375 0.09921875 0.15
0 0.77734375 0.7015625 0.08359375 0.16015625
0 0.8890625 0.7484375 0.115625 0.23828125
0 0.9 0.3828125 0.13046875 0.1171875
0 0.76328125 0.5109375 0.06484375 0.1578125