0 0.83359375 0.80546875 0.165625 0.2328125
0 0.7171875 0.57265625 0.12109375 0.10859375
0 0.5703125 0.48515625 0.12578125 0.16796875
0 0.36796875 0.484375 0.08359375 0.125
0 0.34765625 0.8390625 0.11484375 0.20625
0 0.4109375 0.70078125 0.11484375 0.17578125
0 0.96640625 0.47734375 0.0671875 0.1078125
0 0.9328125 0.40078125 0.084375 0.07109375
0 0.88984375 0.3453125 0.08046875 0.065625
0 0.84140625 0.3890625 0.0515625 0.06015625
0 0.8375 0.47578125 0.053125 0.065625
0 0.70234375 0.43828125 0.1234375 0.08828125
0 0.74765625 0.36328125 0.07734375 0.07734375
0 0.81015625 0.32578125 0.06484375 0.06015625
0 0.72265625 0.259375 0.05 0.04765625
0 0.66875 0.325 0.09375 0.09296875
0 0.36171875 0.265625 0.10546875 0.1203125
0 0.21796875 0.19140625 0.07421875 0.08828125
0 0.22109375 0.1234375 0.07578125 0.0703125
0 0.1125 0.14609375 0.1078125 0.09765625
0 0.453125 0.12109375 0.07265625 0.0953125
0 0.34453125 0.121875 0.06171875 0.09453125
0 0.27109375 0.08515625 0.05390625 0.04765625
0 0.18828125 0.07265625 0.08828125 0.0609375
0 0.08671875 0.0578125 0.12734375 0.10078125
0 0.9296875 0.67265625 0.0640625 0.10234375