0 0.13203125 0.55703125 0.10234375 0.1734375
0 0.22265625 0.87734375 0.3109375 0.24453125
0 0.41640625 0.79296875 0.2609375 0.21796875
0 0.603125 0.5078125 0.12578125 0.15625
0 0.8 0.26875 0.06328125 0.04921875
0 0.21328125 0.55859375 0.0953125 0.14296875
0 0.37421875 0.51796875 0.11015625 0.13671875
0 0.48046875 0.4578125 0.153125 0.10625
0 0.63046875 0.41484375 0.1015625 0.06953125
0 0.60234375 0.31953125 0.0546875 0.040625
0 0.64765625 0.36796875 0.15625 0.07109375
0 0.7375 0.3375 0.065625 0.0640625
0 0.828125 0.346875 0.090625 0.078125