0 0.03671875 0.56328125 0.0734375 0.1078125
0 0.1234375 0.5734375 0.1109375 0.1234375
0 0.22421875 0.534375 0.11328125 0.10390625
0 0.3640625 0.5671875 0.1109375 0.1203125
0 0.5015625 0.64375 0.13359375 0.15078125
0 0.5296875 0.51171875 0.09296875 0.08125
0 0.628125 0.48671875 0.0828125 0.071875
0 0.71328125 0.61015625 0.14609375 0.18984375
0 0.890625 0.71484375 0.1640625 0.15625
0 0.43984375 0.4703125 0.0625 0.053125
0 0.4625 0.4109375 0.06328125 0.05
0 0.5390625 0.4234375 0.06953125 0.06484375
0 0.38984375 0.44296875 0.0578125 0.09453125
0 0.3109375 0.4609375 0.0921875 0.08359375
0 0.425 0.36640625 0.06953125 0.065625
0 0.49140625 0.33359375 0.0671875 0.05859375
0 0.4140625 0.30703125 0.059375 0.065625
0 0.72890625 0.3796875 0.065625 0.0703125
0 0.62734375 0.3578125 0.0671875 0.05546875
0 0.56796875 0.3390625 0.06328125 0.0671875
0 0.778125 0.3875 0.0515625 0.05234375
0 0.6734375 0.4203125 0.05703125 0.04140625