0 0.7421875 0.4515625 0.125 0.1234375
0 0.640625 0.60078125 0.1453125 0.05625
0 0.49453125 0.5703125 0.12421875 0.06953125
0 0.4578125 0.6265625 0.06015625 0.06171875
0 0.540625 0.70390625 0.08671875 0.0890625
0 0.4546875 0.6859375 0.07734375 0.078125
0 0.4765625 0.75625 0.05703125 0.08203125
0 0.41796875 0.75625 0.07421875 0.05546875
0 0.47890625 0.4890625 0.0984375 0.071875
0 0.4296875 0.396875 0.11015625 0.07890625
0 0.346875 0.3890625 0.08046875 0.11171875
0 0.43515625 0.32734375 0.07421875 0.0765625