0 0.02578125 0.63359375 0.0515625 0.1796875
0 0.09609375 0.6859375 0.05234375 0.1875
0 0.19453125 0.596875 0.115625 0.14453125
0 0.47421875 0.54140625 0.17734375 0.21875
0 0.50390625 0.25625 0.06484375 0.09375
0 0.60859375 0.46328125 0.0875 0.14609375
0 0.7265625 0.5125 0.09609375 0.08203125
0 0.825 0.4484375 0.08203125 0.134375
0 0.7359375 0.32109375 0.07265625 0.08203125
0 0.840625 0.303125 0.08203125 0.12109375
0 0.93046875 0.509375 0.1234375 0.16015625
0 0.678125 0.625 0.1578125 0.18515625
0 0.70546875 0.85859375 0.13828125 0.1390625