0 0.12734375 0.80703125 0.2546875 0.2109375
0 0.0765625 0.9453125 0.15234375 0.109375
0 0.3203125 0.94921875 0.228125 0.1015625
0 0.34375 0.7609375 0.20859375 0.1859375
0 0.10234375 0.5609375 0.2046875 0.26875
0 0.4 0.590625 0.11328125 0.1890625
0 0.50234375 0.63671875 0.06484375 0.09609375
0 0.3734375 0.44296875 0.19921875 0.09609375
0 0.3078125 0.29375 0.13125 0.19140625
0 0.4078125 0.3265625 0.0546875 0.10703125
0 0.4625 0.23515625 0.15078125 0.09765625
0 0.503125 0.1109375 0.2484375 0.165625
0 0.66015625 0.0625 0.0703125 0.09375
0 0.6171875 0.5015625 0.234375 0.16953125
0 0.51484375 0.36875 0.1625 0.10703125
0 0.628125 0.30625 0.13671875 0.11484375
0 0.70078125 0.18671875 0.1015625 0.06875
0 0.72734375 0.27890625 0.084375 0.1171875
0 0.76640625 0.37578125 0.1078125 0.0765625
0 0.91796875 0.68671875 0.12734375 0.225
0 0.91953125 0.9015625 0.1609375 0.171875