0 0.26484375 0.24453125 0.1390625 0.16171875
0 0.43125 0.26953125 0.1625 0.1484375
0 0.58671875 0.25625 0.1390625 0.1
0 0.2578125 0.52578125 0.20859375 0.23671875
0 0.49609375 0.47578125 0.26328125 0.18359375
0 0.259375 0.73359375 0.2890625 0.20703125
0 0.45703125 0.72734375 0.1015625 0.1625
0 0.61640625 0.61015625 0.178125 0.103125
0 0.62421875 0.73125 0.134375 0.1546875
0 0.30625 0.896875 0.18984375 0.1328125
0 0.47890625 0.8984375 0.125 0.1015625
0 0.6390625 0.84765625 0.17421875 0.10703125
0 0.78125 0.68359375 0.17421875 0.16953125
0 0.66953125 0.51015625 0.109375 0.0703125
0 0.7140625 0.4484375 0.13125 0.1078125