0 0.165625 0.19140625 0.15625 0.1953125
0 0.1703125 0.3453125 0.1734375 0.14609375
0 0.1203125 0.46171875 0.16796875 0.0953125
0 0.146875 0.6265625 0.18125 0.13828125
0 0.06796875 0.83984375 0.10703125 0.28359375
0 0.26015625 0.85859375 0.125 0.209375
0 0.34765625 0.65078125 0.08046875 0.1953125
0 0.27578125 0.57578125 0.0625 0.15390625
0 0.42421875 0.4859375 0.19765625 0.265625
0 0.58203125 0.80625 0.20078125 0.28125
0 0.41796875 0.89453125 0.15390625 0.16953125
0 0.4296875 0.73203125 0.08359375 0.15390625
0 0.62109375 0.5484375 0.17421875 0.26328125
0 0.85703125 0.415625 0.23203125 0.34609375
0 0.921875 0.70234375 0.11953125 0.2640625
0 0.76953125 0.74921875 0.14296875 0.2984375
0 0.5609375 0.29609375 0.15078125 0.2046875
0 0.40078125 0.246875 0.17421875 0.18125
0 0.3125 0.0828125 0.13515625 0.12890625
0 0.4578125 0.08359375 0.1421875 0.14609375
0 0.584375 0.0859375 0.09921875 0.16953125
0 0.69375 0.03984375 0.11484375 0.06640625
0 0.68046875 0.09609375 0.1109375 0.0390625
0 0.6890625 0.26015625 0.08984375 0.23984375
0 0.8734375 0.10703125 0.2171875 0.1796875