0 0.2359375 0.5375 0.221875 0.21015625
0 0.25234375 0.740625 0.26796875 0.18515625
0 0.43046875 0.753125 0.13125 0.203125
0 0.57109375 0.61875 0.23359375 0.153125
0 0.60546875 0.73984375 0.178125 0.15546875
0 0.4765625 0.49609375 0.21015625 0.17265625
0 0.665625 0.46328125 0.165625 0.11875
0 0.71484375 0.6890625 0.15078125 0.13203125
0 0.23828125 0.25234375 0.11796875 0.14140625
0 0.38671875 0.26015625 0.19609375 0.1796875
0 0.5453125 0.2703125 0.14609375 0.125
0 0.62421875 0.3375 0.10390625 0.0703125
0 0.50390625 0.37265625 0.16640625 0.11171875
0 0.075 0.2953125 0.15 0.20625
0 0.09453125 0.446875 0.125 0.15859375
0 0.07578125 0.590625 0.1453125 0.2
0 0.51796875 0.159375 0.171875 0.125
0 0.3421875 0.128125 0.2125 0.1484375
0 0.41640625 0.90234375 0.10703125 0.1359375
0 0.59140625 0.8640625 0.13515625 0.1203125
0 0.7 0.83359375 0.12421875 0.134375