0 0.82734375 0.76015625 0.32734375 0.4796875
0 0.5921875 0.55 0.17109375 0.3078125
0 0.85546875 0.23203125 0.12734375 0.20703125
0 0.7234375 0.125 0.1421875 0.13359375
0 0.5046875 0.315625 0.15234375 0.26484375
0 0.35625 0.63046875 0.190625 0.35546875
0 0.07421875 0.83515625 0.1484375 0.3171875
0 0.1625 0.490625 0.20234375 0.403125
0 0.28828125 0.31640625 0.1171875 0.1703125
0 0.2125 0.14375 0.14140625 0.26328125
0 0.1015625 0.2078125 0.12421875 0.2015625
0 0.04375 0.41953125 0.08671875 0.24140625
0 0.38125 0.140625 0.15625 0.190625
0 0.63125 0.20703125 0.1328125 0.1
0 0.746875 0.2765625 0.1265625 0.2125
0 0.54609375 0.12421875 0.0953125 0.115625