0 0.1171875 0.47421875 0.234375 0.28359375
0 0.33671875 0.54453125 0.17578125 0.25
0 0.23046875 0.7875 0.20078125 0.25234375
0 0.078125 0.6703125 0.15625 0.12734375
0 0.47578125 0.834375 0.2765625 0.33125
0 0.58984375 0.55625 0.23671875 0.39296875
0 0.69609375 0.81015625 0.20703125 0.1328125
0 0.7875 0.5484375 0.16953125 0.25546875
0 0.821875 0.740625 0.14453125 0.11171875
0 0.946875 0.646875 0.10546875 0.225
0 0.94296875 0.4640625 0.10703125 0.0953125
0 0.87578125 0.35234375 0.0921875 0.103125
0 0.775 0.35078125 0.134375 0.084375
0 0.54609375 0.271875 0.21484375 0.13671875
0 0.36875 0.1515625 0.19296875 0.271875
0 0.228125 0.29375 0.15078125 0.07421875
0 0.5875 0.10234375 0.17734375 0.1625
0 0.77890625 0.15234375 0.203125 0.24453125