0 0.775 0.2296875 0.1984375 0.25078125
0 0.38515625 0.12109375 0.15390625 0.2125
0 0.58984375 0.23125 0.12578125 0.1859375
0 0.57109375 0.075 0.24453125 0.14140625
0 0.484375 0.359375 0.17265625 0.2234375
0 0.6984375 0.4546875 0.17421875 0.2875
0 0.59609375 0.5375 0.18046875 0.1625
0 0.46015625 0.56875 0.1359375 0.13671875
0 0.27265625 0.33828125 0.1953125 0.33984375
0 0.6328125 0.64609375 0.103125 0.084375
0 0.60234375 0.7171875 0.09765625 0.08359375
0 0.31953125 0.58359375 0.1640625 0.21640625
0 0.3875 0.68828125 0.11640625 0.11484375
0 0.38984375 0.77734375 0.0828125 0.08203125