0 0.778125 0.10546875 0.1140625 0.171875
0 0.76875 0.25625 0.13984375 0.1375
0 0.77421875 0.36875 0.16171875 0.1328125
0 0.75234375 0.496875 0.18984375 0.14140625
0 0.7765625 0.64140625 0.146875 0.165625
0 0.64375 0.6234375 0.15546875 0.14453125
0 0.61171875 0.40546875 0.18046875 0.121875
0 0.64609375 0.27109375 0.1171875 0.16875
0 0.62578125 0.10546875 0.23359375 0.2109375
0 0.4953125 0.1765625 0.1703125 0.134375
0 0.49296875 0.090625 0.13046875 0.06875
0 0.36875 0.29375 0.17890625 0.10390625
0 0.51953125 0.28671875 0.1484375 0.146875
0 0.4515625 0.3875 0.1703125 0.1453125
0 0.44296875 0.52578125 0.2203125 0.165625
0 0.221875 0.41953125 0.16328125 0.12109375
0 0.25390625 0.54375 0.15234375 0.15390625
0 0.35546875 0.75390625 0.25546875 0.1796875
0 0.528125 0.7984375 0.134375 0.1359375
0 0.71640625 0.84609375 0.3109375 0.15625
0 0.35703125 0.121875 0.1484375 0.1359375