0 0.8265625 0.3453125 0.275 0.465625
0 0.88984375 0.68984375 0.2046875 0.196875
0 0.615625 0.409375 0.08515625 0.28125
0 0.634375 0.64609375 0.15390625 0.16328125
0 0.515625 0.43828125 0.13359375 0.2453125
0 0.490625 0.71796875 0.17265625 0.153125
0 0.39375 0.54453125 0.08046875 0.2359375
0 0.31875 0.55703125 0.0875 0.22421875
0 0.2390625 0.5875 0.103125 0.225
0 0.371875 0.74296875 0.12734375 0.14296875
0 0.328125 0.85078125 0.13828125 0.1578125
0 0.24921875 0.7375 0.08671875 0.11484375
0 0.1546875 0.64765625 0.090625 0.1625
0 0.18046875 0.76171875 0.08046875 0.16015625