0 0.83515625 0.74296875 0.23984375 0.28828125
0 0.6421875 0.65 0.16953125 0.3296875
0 0.4875 0.59765625 0.18046875 0.21953125
0 0.459375 0.43359375 0.159375 0.19140625
0 0.33046875 0.61875 0.14453125 0.24375
0 0.18046875 0.50859375 0.20390625 0.16015625
0 0.14921875 0.6796875 0.18671875 0.20390625
0 0.2921875 0.38125 0.19375 0.13515625
0 0.0984375 0.3671875 0.1578125 0.1609375
0 0.2515625 0.25390625 0.18515625 0.1765625
0 0.4359375 0.28984375 0.2 0.1546875
0 0.59921875 0.32421875 0.16796875 0.16328125
0 0.68515625 0.421875 0.16171875 0.190625
0 0.90546875 0.43984375 0.16953125 0.18359375
0 0.9421875 0.57890625 0.09921875 0.13125
0 0.85390625 0.5671875 0.08984375 0.121875
0 0.76875 0.53671875 0.1015625 0.11328125
0 0.83515625 0.3078125 0.140625 0.1203125
0 0.67890625 0.165625 0.09921875 0.15625
0 0.56640625 0.11484375 0.125 0.14296875
0 0.49375 0.13203125 0.1109375 0.13203125
0 0.38046875 0.14921875 0.15234375 0.13984375
0 0.93984375 0.31796875 0.11015625 0.11640625
0 0.728125 0.2859375 0.103125 0.1265625
0 0.81015625 0.146875 0.17421875 0.225
0 0.03359375 0.5296875 0.06640625 0.22734375