0 0.3828125 0.67578125 0.11328125 0.1625
0 0.26953125 0.66171875 0.1390625 0.15390625
0 0.15625 0.65390625 0.12265625 0.11640625
0 0.1765625 0.734375 0.096875 0.0609375
0 0.128125 0.93984375 0.18984375 0.1109375
0 0.22734375 0.8609375 0.25703125 0.08671875
0 0.39921875 0.8046875 0.1203125 0.10703125
0 0.47109375 0.72109375 0.09921875 0.08203125
0 0.559375 0.68125 0.09140625 0.07890625
0 0.475 0.59375 0.08984375 0.07734375
0 0.578125 0.54609375 0.13046875 0.1109375
0 0.64453125 0.65078125 0.11484375 0.07734375
0 0.68125 0.5625 0.10546875 0.075
0 0.72265625 0.49609375 0.121875 0.090625