0 0.16328125 0.184375 0.1703125 0.25390625
0 0.36484375 0.24765625 0.20546875 0.265625
0 0.2984375 0.5 0.265625 0.23984375
0 0.3703125 0.7125 0.24375 0.11328125
0 0.35 0.86875 0.171875 0.15078125
0 0.575 0.9625 0.26171875 0.07421875
0 0.7859375 0.85625 0.240625 0.22265625
0 0.53046875 0.6390625 0.14453125 0.171875
0 0.5125 0.47109375 0.134375 0.15078125
0 0.528125 0.24375 0.1109375 0.2953125
0 0.66640625 0.2890625 0.15859375 0.24765625
0 0.6453125 0.47734375 0.14453125 0.11875
0 0.7859375 0.5328125 0.1078125 0.1546875
0 0.8296875 0.6734375 0.16171875 0.140625
0 0.68046875 0.69375 0.1421875 0.1
0 0.9 0.40703125 0.11484375 0.17578125