0 0.8390625 0.32578125 0.0953125 0.1015625
0 0.759375 0.35 0.07734375 0.09296875
0 0.65 0.3890625 0.16875 0.2
0 0.88984375 0.525 0.125 0.1
0 0.78125 0.56328125 0.115625 0.1421875
0 0.621875 0.6671875 0.1953125 0.1265625
0 0.31484375 0.4859375 0.10625 0.12421875
0 0.19453125 0.49765625 0.14296875 0.1765625
0 0.0765625 0.47890625 0.14375 0.17890625
0 0.05625 0.63515625 0.096875 0.15546875
0 0.0328125 0.76484375 0.06484375 0.16015625
0 0.428125 0.4984375 0.16640625 0.190625
0 0.41484375 0.6671875 0.1375 0.1796875