0 0.2125 0.23984375 0.1875 0.23359375
0 0.3109375 0.38984375 0.12578125 0.10625
0 0.37109375 0.1578125 0.10546875 0.09921875
0 0.42109375 0.2421875 0.11640625 0.09375
0 0.42109375 0.378125 0.11484375 0.10703125
0 0.51171875 0.34296875 0.0890625 0.08828125
0 0.575 0.2734375 0.06875 0.09140625
0 0.503125 0.2578125 0.06796875 0.09765625
0 0.58046875 0.45625 0.0921875 0.07265625
0 0.48984375 0.440625 0.0890625 0.0765625
0 0.44453125 0.5015625 0.0875 0.08359375
0 0.3515625 0.68984375 0.1984375 0.27578125
0 0.40234375 0.84140625 0.1 0.10625
0 0.48125 0.825 0.08515625 0.1
0 0.5609375 0.77109375 0.0890625 0.09765625
0 0.68515625 0.72734375 0.109375 0.07109375
0 0.69921875 0.78515625 0.11484375 0.065625
0 0.61484375 0.85546875 0.06015625 0.0953125
0 0.475 0.60390625 0.10625 0.10234375
0 0.54609375 0.6390625 0.06953125 0.1078125
0 0.5265625 0.51640625 0.09375 0.09296875
0 0.690625 0.54453125 0.0578125 0.06015625
0 0.7046875 0.59453125 0.05078125 0.0640625
0 0.7203125 0.653125 0.09453125 0.07421875
0 0.75546875 0.584375 0.07890625 0.09921875
0 0.75546875 0.41953125 0.046875 0.0703125
0 0.71640625 0.35078125 0.06171875 0.0875
0 0.696875 0.41015625 0.0625 0.06328125
0 0.77734375 0.73984375 0.05625 0.065625
0 0.78515625 0.66875 0.06484375 0.08203125
0 0.5890625 0.52421875 0.04921875 0.08359375
0 0.56171875 0.02421875 0.10703125 0.0484375
0 0.79921875 0.525 0.0453125 0.084375
0 0.7265625 0.48203125 0.06171875 0.09765625