0 0.69375 0.334375 0.26015625 0.196875
0 0.85703125 0.403125 0.09453125 0.103125
0 0.74609375 0.45078125 0.1015625 0.09453125
0 0.83671875 0.4796875 0.10234375 0.07578125
0 0.3984375 0.31328125 0.1 0.1390625
0 0.2421875 0.21015625 0.2421875 0.1734375
0 0.24453125 0.42734375 0.09921875 0.11640625
0 0.140625 0.3765625 0.1421875 0.11484375
0 0.4984375 0.44140625 0.09296875 0.0921875
0 0.371875 0.44765625 0.09453125 0.0875
0 0.59609375 0.47578125 0.13828125 0.11953125
0 0.7578125 0.5703125 0.10625 0.08203125
0 0.759375 0.6953125 0.14140625 0.11328125
0 0.44375 0.58359375 0.09609375 0.109375
0 0.621875 0.5453125 0.109375 0.0765625
0 0.375 0.70625 0.12734375 0.09296875