0 0.909375 0.6578125 0.1015625 0.1609375
0 0.790625 0.67734375 0.09140625 0.15234375
0 0.68828125 0.7015625 0.14609375 0.16484375
0 0.7125 0.57109375 0.0703125 0.1171875
0 0.61796875 0.57421875 0.1015625 0.16015625
0 0.57578125 0.70703125 0.10390625 0.21796875
0 0.4515625 0.740625 0.17734375 0.15078125
0 0.34765625 0.61015625 0.1015625 0.1390625
0 0.2609375 0.55 0.10234375 0.121875
0 0.2625 0.29453125 0.221875 0.10859375
0 0.22578125 0.64375 0.115625 0.1671875
0 0.24453125 0.78984375 0.090625 0.1078125
0 0.14296875 0.78984375 0.125 0.15703125
0 0.12890625 0.6609375 0.11171875 0.1203125
0 0.04375 0.7015625 0.0875 0.2765625
0 0.325 0.74296875 0.1 0.16640625
0 0.5109375 0.5640625 0.09453125 0.13046875