0 0.1375 0.465625 0.084375 0.06640625
0 0.1828125 0.55390625 0.0640625 0.10546875
0 0.0703125 0.6390625 0.04921875 0.0796875
0 0.021875 0.68125 0.04140625 0.0609375
0 0.0625 0.56015625 0.0234375 0.04921875
0 0.146875 0.6703125 0.0796875 0.10703125
0 0.2328125 0.678125 0.09140625 0.09765625
0 0.32265625 0.71796875 0.07265625 0.1
0 0.246875 0.559375 0.0453125 0.0765625
0 0.321875 0.521875 0.06484375 0.05078125
0 0.31328125 0.6 0.06875 0.071875
0 0.3953125 0.5890625 0.05859375 0.071875
0 0.40546875 0.678125 0.071875 0.06484375
0 0.46640625 0.56875 0.06796875 0.0796875
0 0.40546875 0.49921875 0.05625 0.06875
0 0.52109375 0.65234375 0.09921875 0.09375
0 0.68125 0.6765625 0.0328125 0.0453125
0 0.7171875 0.6015625 0.05859375 0.07578125
0 0.8203125 0.49140625 0.09375 0.1078125
0 0.746875 0.5078125 0.0328125 0.0546875
0 0.8359375 0.6671875 0.0703125 0.0765625
0 0.7609375 0.70078125 0.0921875 0.08828125
0 0.95234375 0.6984375 0.0953125 0.0796875
0 0.8609375 0.58359375 0.0765625 0.06796875
0 0.9421875 0.54921875 0.0765625 0.08359375