0 0.69375 0.61953125 0.1296875 0.1484375
0 0.565625 0.68984375 0.15234375 0.153125
0 0.4140625 0.75546875 0.153125 0.20390625
0 0.20078125 0.6703125 0.12734375 0.1078125
0 0.22265625 0.57265625 0.10859375 0.1046875
0 0.24296875 0.49296875 0.08359375 0.0828125
0 0.3703125 0.51171875 0.16796875 0.1015625
0 0.484375 0.58671875 0.09765625 0.096875
0 0.5625 0.49296875 0.09765625 0.140625
0 0.64296875 0.475 0.0875 0.11328125
0 0.54609375 0.371875 0.09296875 0.1234375
0 0.4578125 0.3796875 0.1109375 0.11328125
0 0.371875 0.409375 0.078125 0.10078125
0 0.2984375 0.38046875 0.1 0.0921875
0 0.35234375 0.27890625 0.11015625 0.09296875
0 0.24453125 0.28359375 0.1234375 0.10390625