0 0.3953125 0.665625 0.20625 0.15625
0 0.48515625 0.55390625 0.1390625 0.1171875
0 0.45859375 0.45546875 0.1390625 0.1421875
0 0.33828125 0.5515625 0.1671875 0.1890625
0 0.2125 0.48046875 0.178125 0.16640625
0 0.34921875 0.35625 0.1828125 0.1703125
0 0.4984375 0.32265625 0.12734375 0.15234375
0 0.67734375 0.33671875 0.134375 0.15703125
0 0.80390625 0.45625 0.16875 0.16328125
0 0.73984375 0.59453125 0.1484375 0.146875
0 0.63046875 0.4984375 0.14140625 0.11640625
0 0.90625 0.38828125 0.16953125 0.146875
0 0.91328125 0.5578125 0.14921875 0.21328125
0 0.18984375 0.60390625 0.1625 0.13203125