0 0.43359375 0.6328125 0.0984375 0.12265625
0 0.31796875 0.66796875 0.06015625 0.06484375
0 0.3265625 0.74140625 0.0734375 0.09140625
0 0.36796875 0.84765625 0.078125 0.1546875
0 0.44140625 0.87578125 0.08828125 0.12109375
0 0.253125 0.6515625 0.06484375 0.09140625
0 0.265625 0.7484375 0.0734375 0.0859375
0 0.19296875 0.61875 0.07734375 0.08984375
0 0.20390625 0.75234375 0.07890625 0.1265625
0 0.14765625 0.8515625 0.06640625 0.1296875
0 0.815625 0.8515625 0.09453125 0.12109375
0 0.6421875 0.675 0.16875 0.1078125