0 0.2828125 0.89921875 0.3125 0.1859375
0 0.0640625 0.93046875 0.128125 0.1359375
0 0.2546875 0.6484375 0.1078125 0.1171875
0 0.44296875 0.678125 0.2421875 0.1015625
0 0.49296875 0.8 0.16015625 0.115625
0 0.7125 0.63984375 0.23046875 0.2015625
0 0.9296875 0.56953125 0.140625 0.1421875
0 0.7640625 0.37578125 0.11171875 0.0609375
0 0.509375 0.48828125 0.1578125 0.10390625
0 0.40546875 0.5578125 0.08984375 0.1265625
0 0.27734375 0.41953125 0.1015625 0.06796875
0 0.15625 0.29921875 0.12265625 0.04140625
0 0.14375 0.32265625 0.1078125 0.046875
0 0.01640625 0.41015625 0.0328125 0.046875
0 0.0203125 0.36640625 0.040625 0.0453125
0 0.5828125 0.36796875 0.05859375 0.0484375