0 0.66328125 0.60625 0.196875 0.14921875
0 0.66953125 0.45859375 0.1375 0.1734375
0 0.54921875 0.428125 0.1265625 0.20546875
0 0.4234375 0.471875 0.0984375 0.11171875
0 0.33359375 0.59609375 0.2234375 0.1640625
0 0.4421875 0.3140625 0.1203125 0.12734375
0 0.37265625 0.16640625 0.13828125 0.18671875
0 0.209375 0.24296875 0.12734375 0.15546875
0 0.21171875 0.4265625 0.0921875 0.2234375
0 0.14296875 0.421875 0.078125 0.1609375
0 0.09453125 0.33046875 0.0578125 0.08984375
0 0.334375 0.39765625 0.1125 0.21484375