0 0.0890625 0.6515625 0.12890625 0.1390625
0 0.0828125 0.8265625 0.1 0.15390625
0 0.20078125 0.70859375 0.125 0.125
0 0.30390625 0.45390625 0.1859375 0.165625
0 0.27421875 0.3140625 0.115625 0.09609375
0 0.421875 0.32265625 0.140625 0.16640625
0 0.571875 0.34375 0.178125 0.12734375
0 0.47109375 0.68828125 0.15078125 0.20703125
0 0.38671875 0.74921875 0.18515625 0.1734375
0 0.71171875 0.5921875 0.16015625 0.23046875
0 0.56875 0.51953125 0.13046875 0.12265625
0 0.83203125 0.315625 0.19296875 0.21484375
0 0.8125 0.465625 0.1796875 0.13671875
0 0.91015625 0.5875 0.05703125 0.09609375
0 0.7875 0.74140625 0.1 0.134375