0 0.7625 0.39140625 0.1203125 0.1203125
0 0.67265625 0.4015625 0.11484375 0.1046875
0 0.68828125 0.53125 0.1015625 0.1125
0 0.4328125 0.4390625 0.08515625 0.084375
0 0.3515625 0.4890625 0.08515625 0.1109375
0 0.40078125 0.59453125 0.08203125 0.109375
0 0.2859375 0.740625 0.1828125 0.15625
0 0.11171875 0.74921875 0.17109375 0.18203125
0 0.1796875 0.62109375 0.1234375 0.13046875
0 0.35625 0.20390625 0.0984375 0.0671875
0 0.40078125 0.32734375 0.07578125 0.10390625
0 0.20625 0.19375 0.075 0.05625
0 0.090625 0.24609375 0.09453125 0.09453125
0 0.0359375 0.371875 0.071875 0.12578125