0 0.70703125 0.75859375 0.13515625 0.1703125
0 0.95 0.5234375 0.07421875 0.11484375
0 0.93984375 0.4140625 0.0625 0.046875
0 0.67421875 0.51640625 0.0859375 0.10546875
0 0.54609375 0.65390625 0.12109375 0.09140625
0 0.059375 0.7828125 0.11875 0.165625
0 0.18515625 0.67265625 0.109375 0.12890625
0 0.31953125 0.81484375 0.1 0.1328125
0 0.20234375 0.8109375 0.12109375 0.12734375
0 0.43359375 0.7703125 0.12734375 0.1734375
0 0.3609375 0.62578125 0.12890625 0.12890625
0 0.05703125 0.6265625 0.11171875 0.09140625
0 0.178125 0.584375 0.109375 0.12109375