0 0.79296875 0.346875 0.08515625 0.13515625
0 0.64296875 0.23984375 0.11484375 0.11171875
0 0.53671875 0.2625 0.1390625 0.1640625
0 0.42890625 0.3578125 0.14921875 0.1734375
0 0.23125 0.40703125 0.165625 0.20390625
0 0.5953125 0.5265625 0.16875 0.19765625
0 0.52265625 0.67578125 0.11953125 0.134375
0 0.0859375 0.7015625 0.1609375 0.20390625
0 0.3640625 0.6875 0.16796875 0.146875
0 0.1859375 0.19453125 0.0984375 0.10859375
0 0.1171875 0.2921875 0.09375 0.1359375
0 0.82734375 0.1671875 0.11796875 0.10859375