0 0.15390625 0.8296875 0.109375 0.103125
0 0.0453125 0.7796875 0.090625 0.134375
0 0.28203125 0.8390625 0.11015625 0.13046875
0 0.41015625 0.8546875 0.13125 0.12265625
0 0.41328125 0.7421875 0.1140625 0.08828125
0 0.51484375 0.77421875 0.07109375 0.08203125
0 0.296875 0.5296875 0.115625 0.09609375
0 0.32109375 0.60390625 0.08203125 0.07734375
0 0.278125 0.6546875 0.0625 0.07421875
0 0.56953125 0.625 0.06171875 0.075
0 0.634375 0.6390625 0.08671875 0.07578125
0 0.65 0.7109375 0.096875 0.09140625
0 0.68125 0.821875 0.090625 0.1515625
0 0.83359375 0.7515625 0.06796875 0.0859375
0 0.92734375 0.721875 0.08203125 0.07890625
0 0.6671875 0.52578125 0.07734375 0.05859375
0 0.5859375 0.5625 0.078125 0.0828125
0 0.51796875 0.5296875 0.09921875 0.07890625
0 0.41953125 0.66640625 0.1484375 0.0890625