0 0.8140625 0.60625 0.2578125 0.15
0 0.66171875 0.66328125 0.14296875 0.14453125
0 0.61796875 0.5078125 0.05859375 0.14296875
0 0.7640625 0.49453125 0.240625 0.0625
0 0.75625 0.39453125 0.20703125 0.11953125
0 0.71015625 0.2796875 0.1390625 0.11328125
0 0.61015625 0.315625 0.103125 0.09765625
0 0.55546875 0.4609375 0.0875 0.08828125
0 0.475 0.38359375 0.11875 0.115625
0 0.3875 0.36484375 0.0765625 0.04453125
0 0.38359375 0.4125 0.0640625 0.03671875
0 0.3453125 0.475 0.0765625 0.10703125
0 0.32890625 0.58359375 0.0640625 0.078125
0 0.4078125 0.6078125 0.084375 0.1265625
0 0.44296875 0.49140625 0.125 0.1109375
0 0.5078125 0.60703125 0.09140625 0.125
0 0.2953125 0.475 0.03359375 0.07578125
0 0.2578125 0.55390625 0.0625 0.07421875