0 0.90703125 0.61953125 0.18515625 0.29453125
0 0.75234375 0.721875 0.1984375 0.35078125
0 0.9234375 0.8890625 0.153125 0.203125
0 0.8 0.93359375 0.1125 0.1328125
0 0.678125 0.928125 0.096875 0.13515625
0 0.5671875 0.8109375 0.15078125 0.375
0 0.39375 0.78984375 0.21640625 0.4171875
0 0.2421875 0.87578125 0.12578125 0.234375
0 0.11953125 0.8875 0.146875 0.20390625
0 0.315625 0.50859375 0.19609375 0.3015625
0 0.1296875 0.6375 0.2109375 0.33984375
0 0.18359375 0.346875 0.28359375 0.27109375
0 0.37265625 0.23984375 0.21953125 0.26328125
0 0.50390625 0.4203125 0.20546875 0.2359375
0 0.57109375 0.584375 0.184375 0.15859375
0 0.63203125 0.30703125 0.2125 0.246875
0 0.80703125 0.3140625 0.19609375 0.240625
0 0.81796875 0.12578125 0.2171875 0.2375
0 0.659375 0.11875 0.18984375 0.2265625
0 0.39375 0.08046875 0.240625 0.15
0 0.19453125 0.1125 0.19921875 0.22421875