0 0.93203125 0.6078125 0.0859375 0.159375
0 0.82421875 0.53046875 0.11796875 0.121875
0 0.8171875 0.66640625 0.1703125 0.125
0 0.7703125 0.8875 0.24296875 0.190625
0 0.5265625 0.8609375 0.1703125 0.1484375
0 0.5046875 0.53828125 0.11875 0.07421875
0 0.52890625 0.6015625 0.08125 0.07421875
0 0.28984375 0.7296875 0.19140625 0.175
0 0.334375 0.5890625 0.121875 0.13046875
0 0.23203125 0.58359375 0.0953125 0.14140625
0 0.07109375 0.809375 0.10546875 0.1578125
0 0.146875 0.6921875 0.1515625 0.16171875
0 0.05078125 0.6046875 0.0921875 0.1125
0 0.15625 0.5765625 0.071875 0.0875