0 0.79609375 0.70859375 0.25546875 0.21875
0 0.59296875 0.61171875 0.18203125 0.3046875
0 0.775 0.51875 0.196875 0.178125
0 0.92578125 0.51875 0.14296875 0.1953125
0 0.38359375 0.61015625 0.2890625 0.35078125
0 0.19140625 0.625 0.14375 0.28828125
0 0.07890625 0.62265625 0.12890625 0.20078125
0 0.17578125 0.4140625 0.1953125 0.19140625
0 0.0765625 0.29921875 0.146875 0.165625
0 0.48359375 0.31796875 0.175 0.15078125
0 0.3515625 0.26171875 0.1421875 0.1859375
0 0.25078125 0.18515625 0.14765625 0.18984375
0 0.60234375 0.2234375 0.1171875 0.2109375
0 0.7984375 0.28515625 0.08828125 0.14375
0 0.86875 0.21328125 0.0953125 0.13828125
0 0.790625 0.109375 0.1328125 0.13515625