0 0.71015625 0.1390625 0.1734375 0.12734375
0 0.584375 0.22421875 0.11875 0.15859375
0 0.75703125 0.2875 0.07421875 0.140625
0 0.478125 0.353125 0.1078125 0.11171875
0 0.25 0.30625 0.109375 0.13125
0 0.35703125 0.428125 0.08046875 0.20703125
0 0.27890625 0.56015625 0.08046875 0.09140625
0 0.146875 0.33515625 0.08984375 0.11875
0 0.1890625 0.51953125 0.0796875 0.12265625
0 0.3421875 0.71796875 0.125 0.1
0 0.70625 0.51796875 0.06640625 0.1015625
0 0.6375 0.48515625 0.0640625 0.07421875
0 0.5890625 0.38203125 0.0875 0.09765625