0 0.1546875 0.5203125 0.23984375 0.1828125
0 0.29296875 0.740625 0.17421875 0.171875
0 0.4625 0.7359375 0.19765625 0.15546875
0 0.1703125 0.90703125 0.340625 0.1859375
0 0.14921875 0.325 0.2265625 0.16484375
0 0.3109375 0.36015625 0.14375 0.15
0 0.5375 0.4265625 0.13671875 0.16484375
0 0.64375 0.50390625 0.128125 0.12265625
0 0.346875 0.4859375 0.1796875 0.12265625
0 0.18671875 0.178125 0.25859375 0.1625
0 0.35 0.06328125 0.096875 0.12265625
0 0.47578125 0.0421875 0.1921875 0.084375
0 0.6921875 0.071875 0.1140625 0.14296875
0 0.5484375 0.17578125 0.12890625 0.20546875
0 0.425 0.128125 0.09921875 0.128125
0 0.58125 0.31875 0.1203125 0.13515625
0 0.6765625 0.3359375 0.10390625 0.12265625