0 0.9203125 0.30078125 0.15859375 0.221875
0 0.8 0.3328125 0.1171875 0.1546875
0 0.625 0.2578125 0.19140625 0.24609375
0 0.41953125 0.2359375 0.23671875 0.24921875
0 0.21796875 0.22734375 0.203125 0.2515625
0 0.43046875 0.44140625 0.16015625 0.2140625
0 0.27890625 0.50859375 0.18125 0.20703125
0 0.815625 0.4703125 0.1296875 0.19140625
0 0.9296875 0.56484375 0.12890625 0.153125
0 0.7609375 0.6078125 0.14453125 0.11328125
0 0.5953125 0.6375 0.178125 0.16953125
0 0.53828125 0.45 0.11484375 0.1671875
0 0.3421875 0.6671875 0.209375 0.18125