0 0.25703125 0.7234375 0.32265625 0.21640625
0 0.303125 0.5171875 0.3546875 0.20703125
0 0.46953125 0.76640625 0.13359375 0.19375
0 0.59296875 0.69140625 0.13203125 0.14921875
0 0.62265625 0.8546875 0.0984375 0.10078125
0 0.5984375 0.9453125 0.14375 0.109375
0 0.72265625 0.8953125 0.14609375 0.1515625
0 0.840625 0.8890625 0.11328125 0.1390625
0 0.80078125 0.73828125 0.14609375 0.11171875
0 0.80625 0.54921875 0.171875 0.10625
0 0.75 0.421875 0.19921875 0.1734375
0 0.5609375 0.55 0.1328125 0.1109375
0 0.37890625 0.321875 0.21640625 0.13359375
0 0.35390625 0.1875 0.2609375 0.14609375
0 0.553125 0.2328125 0.16171875 0.1765625
0 0.77578125 0.2015625 0.1359375 0.190625
0 0.86640625 0.34921875 0.08359375 0.14375
0 0.69921875 0.65625 0.12734375 0.1453125