0 0.92734375 0.490625 0.1 0.1390625
0 0.828125 0.465625 0.12890625 0.29375
0 0.7 0.50859375 0.1546875 0.23125
0 0.66171875 0.3515625 0.103125 0.09765625
0 0.53671875 0.53125 0.19921875 0.2015625
0 0.38984375 0.2375 0.209375 0.159375
0 0.38828125 0.36171875 0.13203125 0.1140625
0 0.36953125 0.50625 0.109375 0.1921875
0 0.21171875 0.48203125 0.1421875 0.1234375
0 0.1125 0.525 0.0765625 0.109375
0 0.0421875 0.4875 0.0796875 0.13828125
0 0.190625 0.59375 0.10703125 0.1234375
0 0.27890625 0.33515625 0.12734375 0.11484375
0 0.49453125 0.33984375 0.10546875 0.12734375