0 0.8125 0.62421875 0.17890625 0.21796875
0 0.75546875 0.79609375 0.32421875 0.17578125
0 0.77578125 0.9421875 0.290625 0.115625
0 0.54453125 0.95 0.2015625 0.0984375
0 0.815625 0.3828125 0.221875 0.21640625
0 0.8203125 0.1796875 0.16953125 0.2296875
0 0.6875 0.16796875 0.13515625 0.16796875
0 0.6359375 0.5015625 0.2 0.22890625
0 0.48203125 0.6390625 0.16484375 0.284375
0 0.46875 0.35703125 0.15 0.20625
0 0.3171875 0.38984375 0.20390625 0.19921875
0 0.5453125 0.1515625 0.18515625 0.20625
0 0.628125 0.3140625 0.2109375 0.19140625