0 0.0484375 0.5328125 0.09609375 0.14453125
0 0.0640625 0.77109375 0.128125 0.25546875
0 0.209375 0.75390625 0.1734375 0.2953125
0 0.22578125 0.39296875 0.14609375 0.1578125
0 0.3765625 0.48984375 0.22890625 0.15625
0 0.50859375 0.6203125 0.18671875 0.209375
0 0.35703125 0.61796875 0.13984375 0.13984375
0 0.38125 0.8109375 0.22890625 0.20078125
0 0.609375 0.76328125 0.24765625 0.24296875
0 0.82265625 0.815625 0.23046875 0.17109375
0 0.83828125 0.68125 0.1515625 0.11953125
0 0.67890625 0.59375 0.1765625 0.1203125
0 0.15625 0.5625 0.15625 0.125
0 0.63125 0.4515625 0.16171875 0.175
0 0.6203125 0.3078125 0.20703125 0.165625
0 0.8390625 0.5421875 0.2046875 0.178125