0 0.6921875 0.65234375 0.18203125 0.215625
0 0.52578125 0.615625 0.1703125 0.20546875
0 0.496875 0.42578125 0.15625 0.221875
0 0.36796875 0.44296875 0.11640625 0.1421875
0 0.35546875 0.5890625 0.1375 0.18046875
0 0.2265625 0.55 0.14296875 0.21953125
0 0.43125 0.30703125 0.1484375 0.09609375
0 0.52265625 0.22265625 0.115625 0.13984375
0 0.69140625 0.4390625 0.19765625 0.14765625
0 0.16875 0.3921875 0.13359375 0.11953125
0 0.140625 0.29453125 0.08828125 0.10859375
0 0.203125 0.2125 0.07578125 0.09453125
0 0.3390625 0.153125 0.103125 0.0703125
0 0.2546875 0.16953125 0.04921875 0.06328125
0 0.29140625 0.21484375 0.0703125 0.0515625
0 0.028125 0.3703125 0.05625 0.071875
0 0.29140625 0.2765625 0.0671875 0.06796875
0 0.2359375 0.3171875 0.08046875 0.0515625
0 0.30078125 0.37890625 0.10234375 0.10390625