0 0.59296875 0.6515625 0.11328125 0.15078125
0 0.7234375 0.65859375 0.10078125 0.15390625
0 0.68671875 0.48671875 0.13828125 0.21328125
0 0.58203125 0.4796875 0.10390625 0.1515625
0 0.31171875 0.63125 0.08828125 0.2015625
0 0.3125 0.39375 0.14453125 0.11953125
0 0.08671875 0.5375 0.0671875 0.1015625
0 0.03984375 0.45625 0.071875 0.09765625
0 0.20234375 0.646875 0.08984375 0.10859375
0 0.096875 0.65625 0.090625 0.08359375
0 0.190625 0.55859375 0.08046875 0.084375
0 0.26796875 0.909375 0.15 0.140625
0 0.12109375 0.95 0.15234375 0.1
0 0.12578125 0.81875 0.16171875 0.103125
0 0.27578125 0.79765625 0.1453125 0.06953125
0 0.36875 0.84453125 0.08828125 0.0984375
0 0.6359375 0.190625 0.1140625 0.08984375