0 0.03515625 0.81640625 0.0703125 0.21015625
0 0.1 0.8234375 0.084375 0.16015625
0 0.2875 0.228125 0.13671875 0.0921875
0 0.42734375 0.240625 0.06796875 0.0546875
0 0.3484375 0.29453125 0.1 0.06796875
0 0.24921875 0.44609375 0.15 0.09765625
0 0.37890625 0.4703125 0.09375 0.1015625
0 0.2515625 0.54765625 0.08828125 0.11875
0 0.32578125 0.6859375 0.078125 0.1484375
0 0.47734375 0.7046875 0.1109375 0.11328125
0 0.384375 0.8296875 0.1078125 0.09609375
0 0.5390625 0.8296875 0.06484375 0.05859375
0 0.7703125 0.7703125 0.103125 0.09765625
0 0.67578125 0.80234375 0.04921875 0.0859375
0 0.48671875 0.95390625 0.0921875 0.0921875
0 0.5625 0.6078125 0.109375 0.07578125
0 0.77421875 0.67109375 0.11328125 0.0953125
0 0.5125 0.4625 0.0640625 0.053125