0 0.8578125 0.4265625 0.05625 0.09765625
0 0.821875 0.515625 0.075 0.0984375
0 0.73828125 0.5859375 0.0671875 0.05234375
0 0.70625 0.62265625 0.046875 0.0484375
0 0.65859375 0.48984375 0.0703125 0.1015625
0 0.55078125 0.46796875 0.07421875 0.0859375
0 0.42890625 0.46015625 0.04296875 0.05234375
0 0.259375 0.48046875 0.10625 0.0875
0 0.1703125 0.49453125 0.05546875 0.10078125
0 0.55390625 0.8703125 0.078125 0.08046875
0 0.70546875 0.73359375 0.125 0.08125
0 0.65859375 0.02734375 0.09296875 0.053125
0 0.6703125 0.121875 0.0984375 0.11796875
0 0.69140625 0.28671875 0.04765625 0.0421875