0 0.4484375 0.73125 0.0734375 0.06875
0 0.64375 0.65625 0.0734375 0.08359375
0 0.5796875 0.6640625 0.0421875 0.06953125
0 0.56328125 0.6078125 0.03671875 0.04921875
0 0.6640625 0.5734375 0.0421875 0.05078125
0 0.6234375 0.59453125 0.05 0.05234375
0 0.4640625 0.47890625 0.05859375 0.07890625
0 0.56171875 0.5390625 0.05546875 0.065625
0 0.6296875 0.52578125 0.0453125 0.03984375
0 0.7109375 0.5515625 0.0609375 0.0765625
0 0.28828125 0.6828125 0.10703125 0.1125
0 0.15859375 0.64453125 0.0609375 0.0765625
0 0.13046875 0.58515625 0.05390625 0.06640625
0 0.0625 0.63125 0.0921875 0.06328125
0 0.2265625 0.5015625 0.0671875 0.06640625
0 0.16875 0.503125 0.07109375 0.109375