0 0.7484375 0.07109375 0.08359375 0.12421875
0 0.73046875 0.26953125 0.06640625 0.1421875
0 0.66953125 0.09921875 0.1125 0.15625
0 0.6765625 0.2609375 0.0453125 0.19921875
0 0.59609375 0.36484375 0.05078125 0.20390625
0 0.553125 0.190625 0.090625 0.12265625
0 0.53046875 0.0671875 0.18671875 0.134375
0 0.4515625 0.1984375 0.15859375 0.171875
0 0.32265625 0.29609375 0.16640625 0.19921875
0 0.54140625 0.4 0.05390625 0.2109375
0 0.45859375 0.41640625 0.13125 0.19921875
0 0.3171875 0.46484375 0.19765625 0.115625