0 0.8125 0.60234375 0.215625 0.17734375
0 0.78046875 0.43203125 0.184375 0.1953125
0 0.6484375 0.55 0.1203125 0.20546875
0 0.6453125 0.34765625 0.140625 0.2234375
0 0.58984375 0.1640625 0.16875 0.19140625
0 0.51953125 0.48359375 0.05703125 0.21328125
0 0.47578125 0.4453125 0.0671875 0.17734375
0 0.49765625 0.28828125 0.05 0.134375
0 0.55 0.32109375 0.06328125 0.15078125
0 0.5703125 0.5234375 0.0515625 0.23984375
0 0.43046875 0.3828125 0.0734375 0.21875
0 0.38046875 0.38671875 0.06015625 0.13984375
0 0.44609375 0.20546875 0.12265625 0.171875
0 0.3546875 0.1796875 0.0734375 0.159375