0 0.5859375 0.53125 0.0953125 0.14609375
0 0.5875 0.690625 0.1359375 0.15546875
0 0.53125 0.33046875 0.16328125 0.15546875
0 0.4046875 0.47578125 0.15390625 0.31953125
0 0.2734375 0.328125 0.221875 0.1125
0 0.2765625 0.44296875 0.09921875 0.13046875
0 0.178125 0.4328125 0.090625 0.115625
0 0.1890625 0.565625 0.15625 0.18125
0 0.36640625 0.68359375 0.1734375 0.1421875
0 0.17265625 0.696875 0.175 0.125
0 0.040625 0.375 0.08125 0.07734375
0 0.08359375 0.44453125 0.1125 0.0921875
0 0.06484375 0.6078125 0.103125 0.2046875