0 0.4953125 0.63203125 0.134375 0.13203125
0 0.625 0.63046875 0.10703125 0.12890625
0 0.60859375 0.48828125 0.10390625 0.10078125
0 0.634375 0.41640625 0.09609375 0.06953125
0 0.571875 0.36796875 0.08125 0.1140625
0 0.48125 0.384375 0.08515625 0.0921875
0 0.359375 0.4765625 0.11796875 0.13515625
0 0.3203125 0.61328125 0.1109375 0.10703125
0 0.21953125 0.58046875 0.1015625 0.146875
0 0.18125 0.434375 0.08671875 0.10546875
0 0.1703125 0.35078125 0.1078125 0.09609375
0 0.0734375 0.38359375 0.11953125 0.10859375
0 0.0421875 0.53359375 0.084375 0.2296875
0 0.12421875 0.56484375 0.10703125 0.14453125
0 0.25546875 0.4171875 0.11171875 0.09453125
0 0.11015625 0.771875 0.1625 0.0890625
0 0.1234375 0.86875 0.14140625 0.1375
0 0.234375 0.86015625 0.103125 0.1171875
0 0.32109375 0.89921875 0.09140625 0.10859375
0 0.38046875 0.81953125 0.10078125 0.07578125
0 0.2703125 0.071875 0.08125 0.14375
0 0.140625 0.0671875 0.15703125 0.109375
0 0.4046875 0.17109375 0.1078125 0.09921875
0 0.30625 0.19296875 0.11640625 0.12734375
0 0.171875 0.18359375 0.15 0.1234375