0 0.78828125 0.2328125 0.1765625 0.15625
0 0.77578125 0.39921875 0.14921875 0.10703125
0 0.56484375 0.284375 0.11796875 0.1609375
0 0.51640625 0.5046875 0.1140625 0.26171875
0 0.4390625 0.34765625 0.090625 0.14921875
0 0.3640625 0.39375 0.078125 0.11875
0 0.309375 0.21640625 0.15 0.24765625
0 0.3765625 0.071875 0.0921875 0.1140625
0 0.5328125 0.0578125 0.10625 0.10703125
0 0.28671875 0.5203125 0.09296875 0.121875
0 0.41640625 0.60546875 0.115625 0.15703125
0 0.28984375 0.68046875 0.0859375 0.125