0 0.7578125 0.103125 0.153125 0.13125
0 0.61328125 0.0578125 0.17890625 0.11484375
0 0.67109375 0.16015625 0.2265625 0.11484375
0 0.67109375 0.28515625 0.18046875 0.175
0 0.34765625 0.090625 0.2765625 0.165625
0 0.3203125 0.23046875 0.15859375 0.1515625
0 0.1453125 0.06015625 0.16015625 0.11015625
0 0.15390625 0.1828125 0.21484375 0.1515625
0 0.63359375 0.39296875 0.13984375 0.1328125
0 0.55078125 0.2453125 0.09296875 0.084375
0 0.4375 0.32734375 0.3 0.10234375
0 0.43515625 0.47734375 0.1109375 0.11328125
0 0.6203125 0.48515625 0.184375 0.090625
0 0.6546875 0.57890625 0.08359375 0.11640625
0 0.3375 0.4390625 0.10625 0.140625
0 0.20625 0.37265625 0.1328125 0.08984375
0 0.10703125 0.3984375 0.1015625 0.1046875
0 0.63046875 0.75625 0.0859375 0.08984375
0 0.55 0.7984375 0.0953125 0.06953125
0 0.53515625 0.70546875 0.12265625 0.12890625
0 0.50234375 0.60390625 0.16484375 0.11015625
0 0.3546875 0.571875 0.14921875 0.1
0 0.21640625 0.5515625 0.14375 0.090625
0 0.121875 0.49375 0.10546875 0.10390625
0 0.3828125 0.6796875 0.1296875 0.08046875
0 0.45234375 0.76328125 0.121875 0.0921875
0 0.33359375 0.74375 0.0890625 0.0875
0 0.10234375 0.63203125 0.059375 0.0640625
0 0.1765625 0.63203125 0.06484375 0.05078125
0 0.13125 0.68203125 0.06328125 0.07734375