0 0.68515625 0.3765625 0.08359375 0.10546875
0 0.73984375 0.4328125 0.04453125 0.0609375
0 0.89609375 0.33828125 0.08359375 0.07578125
0 0.9 0.5453125 0.07578125 0.12265625
0 0.96015625 0.4875 0.06640625 0.09765625
0 0.87265625 0.6859375 0.109375 0.10546875
0 0.71953125 0.72734375 0.1234375 0.0953125
0 0.5578125 0.60625 0.14453125 0.13125
0 0.42734375 0.71328125 0.15078125 0.10390625
0 0.44296875 0.5296875 0.07578125 0.06484375
0 0.4046875 0.584375 0.09375 0.0953125
0 0.42578125 0.4671875 0.04921875 0.04921875
0 0.4703125 0.45859375 0.03515625 0.0390625